0
0
0
0
0
0
0
0
0
0
0
0
0
0
0
0
0
0
0
0
0
0
0
0
0
0
0
0
0
0
0
0
0
0
0
0
0
0
0
0
0
0
0
0
0
0
0
0
0
0
0
0
0
0
0
0
0
0
0
0
0
0
0
0
0
0
0
0
0
0
0.266279
0.534029
0.801781
1.07009
1.3392
1.6086
1.87869
2.14949
2.42076
2.69259
2.96483
3.23768
3.511
3.78481
4.05901
4.33384
4.60913
4.88486
5.16099
5.43756
5.71452
5.99191
6.26969
6.54778
6.82626
7.1051
7.38426
7.66377
7.94371
8.22399
8.50451
8.78535
9.06644
9.34778
9.62935
9.91118
10.1932
10.4754
10.7578
11.0404
11.3232
11.606
11.889
12.1722
12.4555
12.7388
13.0222
13.3057
13.5892
13.8729
14.1567
14.1567
13.8716
13.5851
13.2972
13.0078
12.717
12.4248
12.1311
11.836
11.5394
11.2414
10.9421
10.6413
10.3391
10.0355
9.7305
9.42415
9.1164
8.80732
8.49686
8.18508
7.87193
7.5574
7.24155
6.92435
6.60586
6.28604
5.96496
5.64258
5.31888
4.99397
4.66776
4.34035
4.01164
3.68185
3.35077
3.01854
2.68516
2.35055
2.01485
1.67798
1.34008
1.00105
0.660903
0.319756
0.0279906
0.366026
0.710052
1.05534
1.40139
1.74864
2.0968
2.44573
2.79556
3.14626
3.49792
3.85023
4.20341
4.55736
4.91205
5.26752
5.6236
5.98037
6.33784
6.69597
7.05459
7.41386
7.7737
8.13402
8.49482
8.8562
9.21791
9.5801
9.94261
10.3056
10.6688
11.0324
11.3962
11.7603
12.1246
12.4891
12.8537
13.2185
13.5833
13.9483
14.3132
14.6783
15.0433
15.4082
15.4082
15.4082
15.4081
15.4081
15.4081
15.4081
15.4081
15.4081
15.4081
15.4081
15.408
15.408
15.408
15.408
15.408
15.408
15.408
15.408
15.4079
15.4079
15.4079
15.4079
15.4079
15.4079
15.4078
15.4078
15.4078
15.4078
15.4078
15.4078
15.4078
15.4077
15.4077
0
0
0
0
0
0
0
0
0
0
0
0
0
0
0
0
0
0
0
0
0
0
0
0
0
0
0
0
0
0
0
0
0
0
0
0
0
0
0
0
0
0
0
0
0
0
0
0
0
0
0
0
0
0
0
0
0
0
0
0
0
0
0
0
0
0
0
0
0
0
0
0
0
0
0
0
0.191894
0.383278
0.575004
0.767327
0.960298
1.15376
1.34751
1.54169
1.73628
1.93134
2.12667
2.32245
2.51851
2.71506
2.91188
3.10917
3.30685
3.5048
3.70309
3.90181
4.10076
4.30006
4.49969
4.69958
4.89977
5.10032
5.30111
5.50215
5.70348
5.90505
6.10681
6.30876
6.51098
6.71342
6.9161
7.11899
7.32205
7.52533
7.72876
7.9324
8.13622
8.34018
8.54432
8.74856
8.95297
9.15749
9.36215
9.56688
9.77174
9.97667
10.1817
10.3867
10.5919
10.7971
11.0023
11.2076
11.4129
11.6182
11.8236
12.0289
12.2342
12.4395
12.6448
12.8501
13.0553
13.2604
13.4655
13.6706
13.8755
14.0803
14.2851
14.4898
14.2846
14.0782
13.8706
13.6617
13.4517
13.2405
13.0281
12.8144
12.5995
12.3834
12.166
11.9474
11.7276
11.5066
11.2842
11.0607
10.836
10.6101
10.3829
10.1544
9.92474
9.69382
9.46167
9.22826
8.99365
8.7578
8.52073
8.2824
8.04286
7.80213
7.56018
7.31701
7.07266
6.82707
6.58031
6.33232
6.08317
5.83284
5.58134
5.32868
5.07484
4.81984
4.56368
4.30639
4.04798
3.78843
3.52782
3.26612
3.00325
2.73934
2.47432
2.2083
1.94126
1.67307
1.40404
1.1339
0.862738
0.590798
0.317296
0.0442571
0.231664
0.50732
0.783994
1.06163
1.34022
1.61952
1.89974
2.18071
2.46249
2.74513
3.02884
3.3136
3.59938
3.886
4.17359
4.46223
4.75186
5.04258
5.3342
5.62667
5.92068
6.21586
6.51215
6.80967
7.10844
7.40843
7.70962
8.01197
8.31547
8.62019
8.92602
9.23297
9.54109
9.85024
10.1605
10.4717
10.784
11.0972
11.4115
11.7267
12.0428
12.3597
12.6775
12.9961
13.3155
13.6357
13.9566
14.2783
14.6006
14.9236
15.2472
15.5714
15.8961
16.2213
16.547
16.22
15.8907
15.5593
15.2258
14.8902
14.5524
14.2125
13.8705
13.5265
13.1804
12.8323
12.4821
12.13
11.7758
11.4197
11.0616
10.7017
10.3401
9.97639
9.61094
9.24372
8.87478
8.50412
8.13177
7.75794
7.38256
7.0056
6.62707
6.24682
5.86491
5.481
5.09536
4.70779
4.31789
3.9261
3.53243
3.13678
2.73884
2.3386
1.9359
1.53098
1.12383
0.714726
0.302765
0.111963
0.544202
0.970646
1.39354
1.81256
2.22544
2.63247
3.03582
3.44006
3.84549
4.25431
4.66419
5.07279
5.48469
5.90831
6.3287
6.74615
7.16052
7.56966
7.97369
8.37259
8.76641
9.15528
9.53905
9.91787
10.2917
10.6605
11.0245
11.3836
11.7378
12.0873
12.4319
12.7808
13.1295
13.4736
13.8131
14.1482
14.4832
14.8181
15.1552
15.4902
15.8209
16.1495
16.4739
16.7941
17.1146
17.4352
17.7561
18.0772
18.4007
18.7223
19.0421
19.3602
19.6787
19.9954
20.3125
20.6259
20.9356
21.2418
21.5443
21.8432
22.1387
22.4306
22.719
23.004
23.2856
23.5639
23.8388
24.1104
24.3788
24.6439
24.9058
25.1645
25.4201
25.3662
25.3128
25.3128
25.3128
25.3127
25.3127
25.3127
25.3127
25.3127
25.3127
25.3127
25.3127
25.3127
25.3127
25.3127
25.3127
25.3127
25.3127
25.3126
25.3126
25.3126
25.3126
25.3126
25.3126
25.3126
25.3126
25.3126
25.3126
25.3126
25.3126
25.3125
25.3125
25.3125
25.3125
25.3125
25.3125
25.3125
25.3125
25.3125
25.3125
0
0
0
0
0
0
0
0
0
0
0
0
0
0
0
0
0
0
0
0
0
0
0
0
0
0
0
0
0
0
0
0
0
0
0
0
0
0
0
0
0.248786
0.499146
0.749245
1.00007
1.25149
1.50335
1.75569
2.00852
2.26185
2.51562
2.76986
3.02457
3.27978
3.53531
3.79128
4.04769
4.30457
4.56179
4.81947
5.07751
5.33585
5.59496
5.8546
6.11483
6.37566
6.63711
6.89924
7.16178
7.42474
7.68821
7.95204
8.21626
8.21631
8.21634
8.21638
8.21641
8.21645
8.21648
8.21653
8.21655
7.94661
7.67586
7.40421
7.13175
6.85851
6.58449
6.30969
6.03414
5.75768
5.48046
5.20251
4.92381
4.64439
4.36423
4.08333
3.80176
3.51948
3.23647
2.95278
2.66847
2.38341
2.09783
1.81148
1.52483
1.23732
0.94922
0.660607
0.371339
0.0816061
0.208526
0.499539
0.790959
1.083
1.37542
1.66838
1.96174
2.25561
2.5499
2.84462
3.13971
3.43528
3.73125
4.02754
4.3242
4.62123
4.91863
5.21629
5.51426
5.81255
6.11101
6.40977
6.70883
7.00798
7.30742
7.60706
7.90692
8.20686
8.50696
8.80726
9.10755
9.40797
9.70853
10.009
10.3096
10.6103
10.911
11.2116
11.5122
11.8964
12.2845
12.6766
13.0727
13.4729
13.8773
14.2859
14.6985
15.1154
15.5365
15.9619
16.3916
16.8255
17.2637
17.7063
18.1532
18.6045
19.0601
19.5202
19.8436
20.1665
20.4887
20.8103
20.8102
20.8102
20.8101
20.8101
20.81
20.8099
20.8099
20.8098
20.8097
20.8098
20.8098
20.8098
20.8098
20.8098
20.8099
20.8099
20.8099
20.8099
20.8099
20.81
20.81
20.81
20.81
20.6534
20.4982
20.3442
20.1916
20.0404
19.8905
19.7419
19.2528
18.7654
18.2798
17.7962
17.3146
16.835
16.3575
15.8822
15.409
14.9381
14.4695
14.0033
13.5395
13.078
12.6192
12.1628
11.709
11.2578
10.8092
10.3633
9.92017
9.47973
9.04209
8.60725
8.17528
7.74613
7.31988
6.89651
6.47609
6.05861
5.64415
5.23259
4.82403
4.41852
4.01594
3.61654
3.22014
2.82672
2.43641
2.04907
1.66485
1.28379
0.905497
0.530718
0.158339
0.210396
0.576025
0.938637
1.29835
1.65518
2.00881
2.35945
2.70704
3.05166
3.3932
3.73182
4.06745
4.40011
4.72981
5.05657
5.3804
5.70132
6.01932
6.3344
6.64665
6.95604
7.26264
7.56636
7.86728
8.16549
8.46088
8.75357
9.04348
9.36229
9.68163
10.0015
10.3219
10.6428
10.9641
11.2859
11.6081
11.9307
12.2537
12.5771
12.9008
13.2249
13.5493
13.876
14.204
14.5325
14.8614
15.1909
15.5213
15.8522
16.1837
16.5155
16.8477
17.1803
17.5132
17.8465
18.1802
18.5143
18.8488
19.1841
19.5199
19.8568
20.1939
20.5316
20.8697
21.208
21.5465
21.8852
22.2241
22.5632
22.5632
22.5633
22.5633
22.5633
22.5634
22.5633
22.5633
22.5632
22.5632
22.5632
22.5631
22.5631
22.563
22.563
22.5629
22.5629
22.5628
22.5628
22.5627
22.5627
22.5626
22.5626
22.5625
22.5625
22.5625
22.5624
22.5624
22.5623
22.5623
22.5622
22.5622
22.5621
22.562
22.562
22.5619
22.5619
0
0
0
0
0
0
0
0
0
0
0
0
0
0
0
0
0
0
0
0
0
0
0
0
0
0
0
0
0
0
0
0
0
0
0
0
0
0
0
0.248786
0.497968
0.747937
0.998106
1.24883
1.49996
1.75189
2.00412
2.25682
2.51009
2.76384
3.01789
3.27242
3.52754
3.783
4.03877
4.29504
4.55172
4.8088
5.06622
5.32411
5.58229
5.84081
6.09973
6.35895
6.61856
6.87844
7.13858
7.39912
7.65985
7.92097
8.18235
8.4439
8.70578
8.96785
9.27285
9.58102
9.89233
10.2067
10.5244
10.8451
11.1691
11.4964
11.827
12.1608
12.4981
12.8388
13.183
13.5306
13.8792
14.23
14.5817
14.936
15.2939
15.6555
16.0184
16.3838
16.7503
17.1112
17.4718
17.8307
18.1767
18.5221
18.8652
19.211
19.5597
19.9131
20.2695
20.6307
20.9951
21.3645
21.7388
22.1184
22.5031
22.8932
23.285
23.6805
24.078
24.4792
24.8844
25.2936
25.7049
26.0771
26.4504
26.8252
27.2012
27.5783
27.9563
28.3354
28.7162
29.0983
29.4814
29.8656
30.2509
30.6371
31.0242
31.4125
31.8017
32.1919
32.583
32.9753
33.3684
33.7626
34.1577
34.5539
34.951
35.349
35.7485
36.1486
36.5498
36.9521
37.3554
37.7598
38.1653
38.5718
38.979
39.3349
39.6864
40.0336
40.3765
40.7178
41.055
41.3984
41.7455
42.1061
42.4675
42.8347
43.205
43.576
43.9455
44.3133
44.6772
45.0395
45.4003
45.7825
46.1661
46.551
46.9371
47.3244
47.7129
48.1026
48.4934
48.8853
49.2784
49.6724
50.0675
50.4636
50.8606
51.2585
51.6573
52.0572
52.4579
52.8595
53.2619
53.665
54.0688
54.4736
54.879
55.2851
55.6918
56.099
56.5068
56.915
57.3237
57.7327
58.1421
58.5518
58.9617
59.3719
59.7822
60.1927
60.6033
61.0139
61.4246
61.8353
62.1326
62.4257
62.7146
62.9994
63.2801
63.5568
63.8295
63.7094
63.5905
63.4728
63.3563
63.241
63.1268
63.0137
62.9018
62.7909
62.6811
62.5724
62.4648
62.3582
62.2527
62.1481
62.0446
61.9421
61.8406
61.74
61.6405
61.5418
61.4441
61.3474
61.2515
61.1566
61.1566
61.1566
61.1566
61.1566
61.1566
61.1567
61.1567
61.1567
61.1567
61.1567
61.1567
61.1567
61.1568
61.1568
61.1568
61.1568
61.1568
61.1569
61.1569
61.1569
61.1569
61.1569
61.1569
61.157
61.157
61.157
61.157
61.157
61.1571
61.1571
61.1571
61.1571
61.1571
61.1571
61.1572
61.1572
61.1572
61.1572
61.1572
61.1573
61.1573
61.1573
61.1573
61.1574
61.1574
61.1574
61.1574
61.1574
61.1575
61.1575
61.1575
61.1575
61.1576
61.1576
61.1576
61.1576
61.1576
61.1577
61.1577
61.1577
61.1577
61.1578
61.1578
61.1578
61.1578
61.1579
61.1579
61.1579
61.1579
61.158
61.158
61.158
61.158
61.1581
61.1581
61.1581
61.1581
61.1582
61.1582
61.1582
61.1583
61.1583
61.1583
61.1584
61.1584
61.1572
61.1561
61.1549
61.1538
61.1527
61.1516
61.1505
60.6433
60.1429
59.6491
59.162
58.6815
58.2076
57.7401
57.2791
56.8245
56.3762
55.9341
55.4983
55.0685
54.6448
54.2271
53.8153
53.4094
53.0091
52.6146
52.2257
51.8393
51.4584
51.0619
50.6649
50.2646
49.861
49.4599
49.0639
48.6732
48.2877
47.9073
47.5319
47.1615
46.796
46.4354
46.0796
45.7285
45.3821
45.0403
44.6974
44.3534
44.0139
43.6788
43.3482
43.0218
42.6998
42.3765
42.0518
41.7231
41.3905
41.0489
40.7036
40.36
40.0178
39.6745
39.3277
38.9751
38.6191
38.2622
37.9045
37.5435
37.1794
36.8145
36.4489
36.0848
35.7199
35.3475
34.9701
34.59
34.2113
33.8362
33.4646
33.0967
32.7322
32.3713
32.0139
31.6601
31.3097
30.9627
30.6192
30.2791
29.9424
29.609
29.279
28.9523
28.629
28.3088
27.992
27.6783
27.3679
27.0606
26.7565
26.4555
26.1576
25.8628
25.571
25.2821
24.9964
24.7113
24.4117
24.1109
23.8087
23.5054
23.1988
22.8909
22.5759
22.2597
21.9386
21.6164
21.2951
20.9746
20.6569
20.3419
20.0257
19.6956
19.3474
18.9901
18.6305
18.2717
17.9137
17.558
17.2001
16.8414
16.4805
16.1143
15.7404
15.3591
14.9745
14.5893
14.2059
13.8232
13.4424
13.0621
12.6838
12.3074
11.933
11.5605
11.1887
10.8188
10.451
10.0851
9.72133
9.35954
8.99837
8.63792
8.27946
7.92308
7.56732
7.21222
6.85637
6.50117
6.14656
5.79399
5.44344
5.09363
4.74579
4.40011
4.0565
3.71482
3.37531
3.03789
2.70262
2.36931
2.03824
1.7091
1.38083
1.05441
0.728837
0.404657
0.0816061
0.238332
0.557361
0.87424
1.18888
1.50439
1.81785
2.13082
2.44172
2.75205
3.06333
3.37409
3.68436
3.99259
4.29864
4.60278
4.90489
5.20496
5.50297
5.799
6.09294
6.38498
6.67489
6.96281
7.24876
7.53269
7.81461
8.09459
8.37255
8.64849
8.92247
9.19454
9.46456
9.73264
9.99878
10.263
10.5253
10.7856
11.044
11.3005
11.5552
11.8079
12.0587
12.3077
12.5548
12.8
13.0434
13.285
13.5248
13.7627
13.9988
14.2331
14.4657
14.6965
14.9256
15.1529
15.3784
15.6022
15.8242
16.0446
16.2633
16.4803
16.6956
16.9093
17.1214
17.3317
17.5405
17.7476
17.9532
18.1571
18.3595
18.5603
18.7595
18.9572
19.1534
19.348
19.5412
19.7328
19.923
20.1116
20.2988
20.4846
20.669
20.8518
21.0333
21.2133
21.392
21.5693
21.7452
21.9198
22.093
22.2649
22.4354
22.6046
22.7725
22.9392
23.1045
23.2686
23.4314
23.593
23.7533
23.9123
24.0702
24.2268
24.3823
24.5366
24.6897
24.8416
24.9924
25.1419
25.2904
25.4377
25.584
25.7932
26.0024
26.2115
26.4205
26.6295
26.8384
27.0472
27.2559
27.4645
27.6729
27.8813
28.0895
28.2976
28.5055
28.7133
28.921
29.1285
29.3359
29.543
29.7501
29.9569
30.1635
30.37
30.5763
30.7823
30.9882
31.1939
31.3993
31.6045
31.8095
32.0819
32.3517
32.6101
32.8606
33.1087
33.3529
33.5971
33.8422
34.0872
34.3294
34.5659
34.8021
35.0338
35.2664
35.4987
35.729
35.9559
36.1823
36.4113
36.643
36.8773
37.1144
37.3511
37.589
37.8248
38.0636
38.3036
38.5466
38.7925
39.0415
39.2936
39.549
39.8075
40.0692
40.3343
40.6028
40.8747
41.1501
41.4291
41.7182
42.0083
42.2987
42.5899
42.8817
43.1743
43.4678
43.7621
44.057
44.3522
44.6486
44.9459
45.2443
45.5437
45.8435
46.1433
46.443
46.7432
47.0447
47.3475
47.6517
47.9571
48.2639
48.572
48.8814
49.192
49.504
49.8172
50.1316
50.4474
50.7641
51.0817
51.4004
51.7202
52.0411
52.3634
52.6869
53.0117
53.3378
53.6652
53.9938
54.3236
54.6545
54.6545
54.6818
54.7088
54.7356
54.7356
54.7356
54.7356
54.7356
54.7355
54.7355
54.7355
54.7355
54.7355
54.7354
54.7354
54.7354
54.7354
54.7354
54.7354
54.3898
54.0431
53.6953
53.3464
52.9965
52.6376
52.274
52.2524
52.2189
52.1777
52.1093
52.0298
51.9431
51.8573
51.7721
51.6877
51.604
51.5134
51.4161
51.3177
51.2183
51.2183
51.2183
51.2182
51.2182
51.2182
51.2182
51.2182
51.545
51.8715
52.3054
52.7439
53.187
53.6349
54.0875
54.545
55.0071
55.4742
55.946
56.4227
56.9042
57.3907
57.882
58.3782
58.8794
59.3854
59.8964
60.4123
60.9331
61.4587
61.9893
62.5247
63.065
63.6101
64.16
64.7147
65.2741
65.8382
66.407
66.9804
67.5583
68.1408
68.7276
69.3189
69.9144
70.5142
70.8594
70.8594
70.8594
70.8594
70.8594
70.8594
70.8594
70.8594
70.8595
70.8595
70.8595
70.8595
70.5918
70.3265
70.0634
69.8025
69.544
69.2877
69.0336
68.7817
68.5321
68.2846
68.0393
67.7961
67.5551
67.3162
67.0794
66.8447
66.6121
66.3815
66.153
65.9265
65.702
65.4795
65.259
65.0404
64.8238
64.6092
64.3964
64.1855
63.9766
63.7694
63.5642
63.3607
63.1591
62.9593
62.7612
62.565
62.3705
62.1777
61.9866
61.7972
61.6096
61.4236
61.2393
61.0566
60.8755
60.696
60.5182
60.3419
60.1672
59.9941
59.8224
59.6523
59.4837
59.3166
59.151
58.9868
58.8241
58.6628
58.5029
58.3445
58.1874
58.0318
57.8775
57.7245
57.5729
57.4226
57.2737
57.126
56.9796
56.8345
56.6907
56.5481
56.4067
56.2666
56.1277
55.9899
55.8455
55.7024
55.5604
55.4197
55.2801
55.1417
55.0045
54.8685
54.7336
54.5998
54.4671
54.3356
54.2052
54.0758
53.9476
53.8204
53.6942
53.5692
53.4451
53.3221
53.2001
53.0791
52.9592
52.8402
52.7221
52.605
52.489
52.3738
52.2596
52.1464
52.0341
51.9226
51.4934
51.0647
50.6368
50.2107
49.8917
49.5707
49.2475
48.9222
48.5947
48.2651
47.9332
47.5999
47.2643
46.9266
46.5866
46.2445
45.9003
45.5538
45.2056
44.8552
44.5031
44.1488
43.7933
43.4361
43.0767
42.7155
42.352
41.9861
41.6179
41.2475
40.8748
40.4999
40.1227
39.7431
39.3615
38.9776
38.5914
38.2032
37.8126
37.4198
37.0249
36.6279
36.2287
35.8274
35.424
35.0186
34.6111
34.2016
33.7901
33.3766
32.9612
32.5437
32.1243
31.7031
31.28
30.8552
30.4285
30.0002
29.57
29.1382
28.7048
28.2696
27.8329
27.3947
26.955
26.5139
26.0713
25.6274
25.1821
24.7355
24.2879
23.839
23.3889
22.9379
22.9378
22.9378
22.9378
22.9378
23.3979
23.8609
24.3262
24.7941
25.2645
25.7373
26.2127
26.6903
27.1702
27.6525
28.137
28.6236
29.1124
29.6033
30.0961
30.591
31.0877
31.5863
32.0867
32.5887
33.0926
33.5979
34.1049
34.6133
35.1231
35.6341
36.1465
36.6599
37.1745
37.6902
38.2066
38.724
39.2422
39.7609
40.2803
40.8002
41.3206
41.8413
42.3623
42.8835
43.4047
43.9261
44.4474
44.9685
45.4894
46.01
46.5302
47.0498
47.5688
48.0871
48.6047
49.1214
49.6372
50.1521
50.8707
51.6008
52.3422
53.0952
53.8595
54.6353
55.4226
56.2214
57.0317
57.8533
58.6863
59.5305
60.3859
61.2523
62.1294
63.0172
63.9155
64.824
65.7424
66.6705
67.6078
68.5541
69.5091
69.956
70.4139
70.4139
70.4138
70.4138
70.4137
70.4137
70.4136
70.4136
70.4135
70.4135
70.4134
70.4133
70.4133
70.4132
70.4132
70.4131
70.413
70.413
70.4129
70.4128
70.4128
70.4127
70.4126
70.4126
70.4125
70.4125
70.4124
70.4123
69.8611
69.3179
68.7828
68.2558
67.7366
67.2254
66.7218
66.2261
65.085
63.943
62.8008
61.6594
60.5198
59.383
58.2496
57.1208
55.997
54.8794
53.7689
52.6659
51.5715
50.4863
49.4109
48.3462
47.2925
46.2506
45.2211
44.204
43.2001
42.2097
41.2333
40.2711
39.3234
38.3904
37.4723
36.5693
35.6815
34.8091
33.9521
33.1102
32.2839
31.4727
30.677
29.8965
29.131
28.3806
27.6447
26.9236
26.2172
25.525
24.847
24.1829
23.5325
22.8955
22.2719
21.6614
21.0635
20.4783
19.9055
19.345
18.7961
18.2588
17.7329
17.2181
16.7143
16.2213
15.7386
15.266
14.8036
14.3506
13.9073
13.4733
13.0485
12.6325
12.225
11.826
11.4353
11.0526
10.6779
10.3106
9.95106
9.59867
9.2534
8.91502
8.58344
8.25852
7.94015
7.62813
7.29378
6.91104
6.47249
6.04132
5.61728
5.18953
4.67103
4.14966
3.62612
3.10052
2.573
2.0439
1.51322
0.981482
0.448725
0.0839719
0.618337
1.15342
1.68869
2.22456
2.76072
3.29736
3.8341
4.37114
4.90805
5.44473
5.98145
6.51773
7.05384
7.58933
8.1244
8.65874
9.1924
9.72514
10.257
10.788
11.3177
11.8462
12.3736
12.8997
13.4244
13.9472
14.4699
14.9937
15.5184
16.0444
16.5727
17.0995
17.6247
18.1482
18.1481
18.1481
18.148
18.148
18.1479
18.1479
18.1478
18.1477
18.1477
18.1476
18.1476
18.1475
18.1474
18.1474
18.1473
18.1473
18.1472
18.1471
18.1471
18.147
18.1469
18.1469
18.1468
18.1467
18.1467
18.1466
18.1465
18.1464
18.1464
18.1463
18.1462
18.1462
18.1461
18.146
18.1459
18.1458
18.1457
0
0
0
0
0
0
0
0
0
0
0
0
0
0
0
0
0
0
0
0
0
0
0
0
0
0
0
0
0
0
0
0
0
0
0
0
0
0
0
0
0
0
0.250356
0.501104
0.752636
1.00456
1.25696
1.50998
1.76348
2.01747
2.27188
2.52674
2.78214
3.03789
3.2942
3.55091
3.8081
4.06567
4.32361
4.58208
4.84079
5.10005
5.35958
5.61948
5.87978
6.14042
6.4015
6.66282
6.66279
6.66276
6.66273
6.66267
6.66267
6.66264
6.66261
6.66258
6.66255
6.66246
6.66243
6.66243
6.39306
6.12276
5.85158
5.57951
5.30644
5.0325
4.75768
4.48196
4.20541
3.92795
3.64967
3.37054
3.09058
2.80982
2.52821
2.24577
1.96264
1.67845
1.39354
1.10804
0.821569
0.534029
0.245617
0
0
0
0
0
0
0
0
0
0
0
0
0
0
0
0
0
0
0
0
0
0
0
0
0
0
0
0
0
0
0
0
0
0
0
0
0
0
0
0
0
-0.250356
-0.499931
-0.751073
-1.00241
-1.25431
-1.50674
-1.75959
-2.013
-2.26696
-2.52123
-2.77608
-3.03124
-3.28694
-3.54307
-3.7997
-4.05669
-4.31417
-4.57196
-4.83012
-5.08873
-5.34771
-5.60711
-5.86685
-6.12686
-6.38729
-6.64798
-6.90914
-7.17053
-7.17047
-7.17041
-7.17041
-7.17039
-7.17033
-7.17033
-7.17031
-7.17022
-7.1702
-7.17017
-7.17017
-7.17011
-7.43917
-7.70853
-7.97825
-8.24825
-8.51851
-8.78897
-9.0598
-9.33082
-9.60209
-9.87351
-10.1451
-10.417
-10.6891
-10.9612
-11.2336
-11.5061
-11.7788
-11.7788
-11.7788
-11.7788
-11.5034
-11.2269
-10.9492
-10.6703
-10.39
-10.1086
-9.82597
-9.54212
-9.25714
-8.97092
-8.68355
-8.39501
-8.10539
-7.81459
-7.52264
-7.22952
-6.93523
-6.63977
-6.34329
-6.04567
-5.74683
-5.44707
-5.14618
-4.84419
-4.54111
-4.23695
-3.93169
-3.62547
-3.31815
-3.00983
-2.70059
-2.39022
-2.07897
-1.76681
-1.4534
-1.13924
-0.824188
-0.508092
-0.190871
0.126733
0.444779
0.76477
1.08517
1.40641
1.72847
2.05127
2.37476
2.69921
3.02438
3.35019
3.67674
4.00392
4.33194
4.66057
4.9898
5.31973
5.65012
5.98109
6.31264
6.64473
6.97749
7.3107
7.64437
7.97847
8.31303
8.64797
8.9833
9.31899
9.65503
9.99138
10.328
10.6651
11.0024
11.34
11.6777
12.0157
12.3538
12.692
13.0303
13.3687
13.7072
14.0457
14.3844
14.7231
15.0617
15.4002
15.7387
16.0771
16.4155
16.7537
17.0917
17.4295
17.767
18.1045
18.1044
18.1045
18.1045
17.7629
17.4189
17.0726
16.7238
16.3726
16.0189
15.6629
15.3046
14.9438
14.5806
14.2149
13.847
13.4766
13.1037
12.7285
12.3508
11.9708
11.5886
11.2038
10.8168
10.4279
10.0366
9.64297
9.24706
8.84886
8.44862
8.04611
7.64167
7.23512
6.82626
6.41498
6.00215
5.58727
5.17033
4.75103
4.32927
3.90538
3.47932
3.05121
2.62158
2.18967
1.75591
1.3199
0.881825
0.442129
0
-0.442572
-0.888684
-1.33744
-1.78885
-2.2421
-2.69732
-3.15497
-3.61519
-4.0779
-4.54223
-5.00718
-5.47395
-5.94295
-6.41443
-6.88831
-7.36447
-7.8436
-8.32603
-8.81172
-9.30073
-9.79234
-10.285
-10.7803
-11.2791
-11.781
-12.2862
-12.7951
-13.3073
-13.822
-14.34
-14.8618
-15.3872
-15.9161
-16.448
-16.9832
-17.5209
-18.0626
-18.6079
-19.1559
-19.7073
-20.2618
-20.9132
-21.56
-22.1995
-22.8315
-23.4562
-24.0819
-24.703
-25.3196
-25.9316
-26.5362
-27.1337
-27.7238
-28.3154
-28.9082
-29.505
-30.0974
-30.6859
-31.2756
-31.8691
-32.4639
-33.0548
-33.6391
-34.2193
-34.7928
-35.3598
-35.9201
-36.4739
-37.021
-37.5641
-38.1061
-38.6526
-39.2009
-39.7559
-40.3099
-40.8579
-41.3997
-41.9353
-42.4701
-43.0039
-43.5317
-44.0559
-44.5742
-45.0865
-45.6007
-46.1221
-46.6428
-47.1629
-47.6772
-48.1884
-48.6939
-49.1988
-49.7006
-50.1994
-50.6927
-51.1803
-51.665
-52.1569
-52.6559
-53.1544
-53.6478
-54.1407
-54.6308
-55.1207
-55.6102
-56.0994
-56.5835
-57.0627
-57.5368
-58.0059
-58.4749
-58.9412
-59.4075
-59.8761
-60.3422
-60.8081
-61.2716
-61.7303
-62.189
-62.6501
-63.1134
-63.5744
-64.033
-64.4894
-64.9459
-65.4046
-65.8633
-66.3198
-66.7742
-67.2241
-67.6743
-68.1223
-68.5704
-69.0164
-69.4626
-69.9046
-70.3446
-70.7826
-71.2186
-71.6526
-72.0825
-72.5083
-72.93
-73.3475
-73.7474
-74.1489
-74.5519
-74.9565
-75.3626
-75.7702
-76.1792
-76.5897
-77.0016
-77.4149
-77.8298
-78.2461
-78.6638
-79.0831
-79.5039
-79.9262
-80.3499
-80.7752
-81.202
-81.6307
-82.0609
-82.4926
-82.9257
-83.3601
-83.7954
-84.2323
-84.6711
-85.1125
-85.5563
-86.0023
-86.4504
-86.8997
-87.3508
-87.8039
-88.2596
-88.7183
-89.1796
-89.644
-90.1105
-90.5789
-91.05
-91.5235
-92.0002
-92.4801
-92.9631
-93.4493
-93.9385
-94.4309
-94.9259
-95.424
-95.9251
-96.4292
-96.9359
-97.4454
-97.9576
-98.4725
-98.9903
-99.5108
-100.034
-100.559
-101.087
-101.659
-102.223
-102.783
-103.339
-103.894
-104.444
-104.994
-105.542
-106.084
-106.627
-107.172
-107.719
-108.268
-108.812
-109.356
-109.894
-110.43
-110.968
-111.514
-112.058
-112.549
-113.042
-113.538
-114.037
-114.533
-115.03
-115.528
-116.029
-116.535
-117.044
-117.558
-118.076
-118.599
-119.125
-119.656
-120.191
-120.729
-121.271
-121.898
-122.519
-123.137
-123.747
-124.353
-124.952
-125.544
-126.129
-126.707
-127.278
-127.847
-128.415
-128.982
-129.553
-130.125
-130.699
-131.274
-131.848
-132.423
-133.003
-133.579
-134.153
-134.727
-135.23
-135.736
-136.245
-136.756
-137.27
-137.788
-138.309
-138.833
-139.362
-139.894
-140.43
-140.97
-141.513
-142.059
-142.609
-143.163
-143.72
-144.28
-144.843
-145.411
-145.981
-146.554
-147.133
-147.704
-148.266
-148.82
-149.372
-149.922
-150.474
-151.027
-151.58
-152.14
-152.695
-153.252
-153.805
-154.35
-154.887
-155.423
-155.955
-156.488
-157.024
-157.567
-158.112
-158.661
-159.215
-159.787
-160.37
-160.972
-161.584
-162.209
-162.836
-163.477
-164.13
-164.799
-165.477
-166.156
-166.834
-167.509
-168.18
-168.842
-169.498
-170.15
-170.798
-171.442
-172.082
-172.717
-173.348
-173.974
-174.596
-175.212
-175.824
-176.431
-177.032
-177.628
-178.219
-178.805
-179.385
-179.96
179.653
179.089
178.531
177.979
177.432
176.89
176.354
175.825
175.3
174.767
174.232
173.702
173.176
172.655
172.139
171.629
171.124
170.625
170.132
169.644
169.161
168.684
168.212
167.746
167.282
166.819
166.358
165.9
165.445
164.992
164.535
164.077
163.61
163.136
162.655
162.169
161.68
161.19
160.699
160.208
159.715
159.209
158.689
158.165
157.633
157.102
156.571
156.042
155.515
154.987
154.462
154.052
153.64
153.224
152.806
152.387
151.965
151.541
151.114
150.684
150.25
149.814
149.376
148.935
148.491
148.045
147.594
147.141
146.686
146.228
145.766
145.301
144.833
144.361
143.887
143.409
142.928
142.443
141.955
141.463
140.967
140.468
139.965
139.46
138.949
138.435
137.917
137.395
136.869
136.235
135.605
134.979
134.359
133.746
133.14
132.54
131.941
131.348
130.757
130.17
129.584
128.997
128.411
127.827
127.243
126.661
126.077
125.492
124.991
124.49
123.988
123.483
122.978
122.473
121.969
121.463
120.956
120.444
119.927
119.406
118.88
118.348
117.811
117.268
116.719
116.164
115.603
115.036
114.463
113.884
113.299
112.708
112.111
111.509
110.902
110.291
109.673
109.049
108.419
107.783
107.142
106.496
105.843
105.185
104.521
103.761
103.004
102.255
101.513
100.782
100.058
99.3377
98.6212
97.905
97.1857
96.4733
95.7643
95.0654
94.3699
93.6743
92.9755
92.28
91.5875
90.9013
90.2813
89.6572
89.0293
88.3973
87.7618
87.1216
86.4772
85.8283
85.1749
84.5176
83.8561
83.1895
82.5173
81.8396
81.1561
80.467
79.7723
79.0718
78.3654
77.6533
76.9353
76.164
75.3981
74.6412
73.8894
73.1502
72.4199
71.7022
70.9892
70.2885
69.5922
68.9081
68.2322
67.5682
66.9082
66.2519
65.5995
64.9546
64.2974
63.6364
62.9716
62.3029
61.6302
60.9532
60.2718
59.5863
58.8964
58.2017
57.5023
56.7982
56.0892
55.3756
54.6575
53.9347
53.2071
52.4746
51.7374
50.9955
50.2722
49.55
48.8375
48.1346
47.4414
46.7619
46.0913
45.4256
44.7685
44.1201
43.4844
42.8615
42.238
41.6181
40.9934
40.3724
39.7549
39.1324
38.5135
37.894
37.2776
36.6724
36.0781
35.4866
34.894
34.3002
33.7091
33.1284
32.5579
31.9431
31.3249
30.7041
30.0804
29.4542
28.8254
28.1942
27.5587
26.92
26.2784
25.6332
24.9847
24.3329
23.6774
23.0186
22.3786
21.742
21.0897
20.4335
19.7844
19.1424
18.5034
17.875
17.2498
16.6274
16.0008
15.3709
14.7378
14.1015
13.4617
12.8184
12.1716
11.5214
10.8682
10.2119
9.55288
8.89017
8.22427
7.55508
6.8828
6.20765
5.52904
4.84678
4.16056
3.47069
2.77721
2.08039
1.38012
0.675559
-0.0342814
-0.746627
-1.46441
-2.18618
-2.91174
-3.64144
-4.37536
-5.11415
-5.85791
-6.60627
-7.35919
-8.11661
-8.87851
-9.61504
-10.3408
-11.0515
-11.7475
-12.4335
-13.1051
-13.7899
-14.4696
-15.1444
-15.8057
-16.4622
-17.123
-17.7882
-18.4529
-19.1051
-19.7489
-20.3928
-21.0574
-21.7299
-22.3984
-23.0552
-23.7083
-24.3729
-25.0379
-25.714
-26.3828
-27.0445
-27.6957
-28.336
-28.9658
-29.5886
-30.2051
-30.8185
-31.4219
-32.0225
-32.6277
-33.2267
-33.8197
-34.4065
-34.9912
-35.57
-36.1432
-36.7104
-37.2687
-37.8178
-38.358
-38.8895
-39.4158
-39.937
-40.4498
-40.9541
-41.4573
-41.9559
-42.4499
-42.9358
-43.4138
-43.8841
-44.3535
-44.8224
-45.2907
-45.7552
-46.2122
-46.6619
-47.1046
-47.54
-47.9686
-47.8863
-47.8051
-47.8051
-47.8052
-47.8052
-47.8053
-47.8054
-47.8054
-47.8055
-47.8055
-47.8056
-47.8057
-47.8057
-47.8058
-47.8059
-47.8059
-47.806
-47.806
-47.8061
-47.8062
-47.8063
-47.8063
-47.8064
-47.8064
-47.8065
-47.8066
-47.8067
-47.8067
-47.8068
-47.8069
-47.8069
-47.807
-47.8071
-47.8072
-47.8072
-47.8073
-47.8074
-47.8075
-47.8075
-47.8076
